%YAML:1.0
---
image_width: 1920
image_height: 1080
camera_matrix: !!opencv-matrix
   rows: 3
   cols: 3
   dt: d
   data: [1.0496115540061007e+03, 0., 9.5950000000000000e+02, 0.,
       1.0496115540061007e+03, 5.3950000000000000e+02, 0., 0., 1. ]
distortion_coefficients: !!opencv-matrix
   rows: 1
   cols: 5
   dt: d
   data: [  5.5613311877595266e-02, -7.2865845734943396e-02, 
       0., 0.,
       2.5116364792950870e-02 ]
