%YAML:1.0
---
aruco_bc_dict: ARUCO_MIP_36h12
aruco_bc_nmarkers: 8
aruco_bc_mInfoType: 1
aruco_bc_markers:
   - { id:161, corners:[ [ -2.3700000345706940e-01,
       -2.3700000345706940e-01, 0. ], [ 0., -2.3700000345706940e-01, 0. ],
       [ 0., -4.7400000691413879e-01, 0. ], [ -2.3700000345706940e-01,
       -4.7400000691413879e-01, 0. ] ] }
   - { id:227, corners:[ [ 4.7400001436471939e-02,
       -2.3700000345706940e-01, 0. ], [ 2.8439998626708984e-01,
       -2.3700000345706940e-01, 0. ], [ 2.8439998626708984e-01,
       -4.7400000691413879e-01, 0. ], [ 4.7400001436471939e-02,
       -4.7400000691413879e-01, 0. ] ] }
   - { id:85, corners:[ [ -2.3700000345706940e-01,
       4.7400001436471939e-02, 0. ], [ 0., 4.7400001436471939e-02, 0. ],
       [ 0., -1.8960000574588776e-01, 0. ], [ -2.3700000345706940e-01,
       -1.8960000574588776e-01, 0. ] ] }
   - { id:166, corners:[ [ 4.7400001436471939e-02,
       4.7400001436471939e-02, 0. ], [ 2.8439998626708984e-01,
       4.7400001436471939e-02, 0. ], [ 2.8439998626708984e-01,
       -1.8960000574588776e-01, 0. ], [ 4.7400001436471939e-02,
       -1.8960000574588776e-01, 0. ] ] }
   - { id:244, corners:[ [ -2.3700000345706940e-01,
       3.3180001378059387e-01, 0. ], [ 0., 3.3180001378059387e-01, 0. ],
       [ 0., 9.4800002872943878e-02, 0. ], [ -2.3700000345706940e-01,
       9.4800002872943878e-02, 0. ] ] }
   - { id:144, corners:[ [ 4.7400001436471939e-02,
       3.3180001378059387e-01, 0. ], [ 2.8439998626708984e-01,
       3.3180001378059387e-01, 0. ], [ 2.8439998626708984e-01,
       9.4800002872943878e-02, 0. ], [ 4.7400001436471939e-02,
       9.4800002872943878e-02, 0. ] ] }
   - { id:90, corners:[ [ -2.3700000345706940e-01,
       6.1620002985000610e-01, 0. ], [ 0., 6.1620002985000610e-01, 0. ],
       [ 0., 3.7920001149177551e-01, 0. ], [ -2.3700000345706940e-01,
       3.7920001149177551e-01, 0. ] ] }
   - { id:214, corners:[ [ 4.7400001436471939e-02,
       6.1620002985000610e-01, 0. ], [ 2.8439998626708984e-01,
       6.1620002985000610e-01, 0. ], [ 2.8439998626708984e-01,
       3.7920001149177551e-01, 0. ], [ 4.7400001436471939e-02,
       3.7920001149177551e-01, 0. ] ] }
